{
    "$schema": "./schemas/analysis-schema.json",
    "flags": {
        "analysisCode": "FOUR_PI",
        "initialAnalysisExec": {
            "MC": false,
            "flag": false,
            "parts": {
                "covMatrixInitialAnalysisExec": false,
                "omegaInitialAnalysisExec": false,
                "signalInitialAnalysisExec": true
            }
        }
    },
    "lastScript": "Final CP Parameters normalization",
    "lastUpdate": "2025-06-26_0711",
    "momSmearing": {
        "bootstrapMeanCovMatrix": {
            "_typename": "TMatrixT<double>",
            "fBits": 0,
            "fColLwb": 0,
            "fElements": [
                1172.5537730614,
                18.2798701490602,
                7.67832255715058,
                1045.13898759068,
                24.29852938291,
                -0.124633527257144,
                18.2798701490602,
                1082.18821754346,
                2.10527737298175,
                16.2700719108085,
                972.675402287427,
                3.89814311581264,
                7.67832255715058,
                2.10527737298175,
                779.544013712144,
                -4.8979810029609,
                11.3129924598062,
                701.770759843847,
                1045.13898759068,
                16.2700719108085,
                -4.8979810029609,
                1163.10320264631,
                12.2381110451741,
                -3.91397765202579,
                24.29852938291,
                972.675402287427,
                11.3129924598062,
                12.2381110451741,
                1081.46922189914,
                -1.4343559760638,
                -0.124633527257144,
                3.89814311581264,
                701.770759843847,
                -3.91397765202579,
                -1.4343559760638,
                842.440557340425
            ],
            "fNcols": 6,
            "fNelems": 36,
            "fNrowIndex": 0,
            "fNrows": 6,
            "fRowLwb": 0,
            "fTol": 2.22044604925031e-16,
            "fUniqueID": 0
        },
        "bootstrapUncertaintyMatrix": {
            "_typename": "TMatrixT<double>",
            "fBits": 0,
            "fColLwb": 0,
            "fElements": [
                7.80855769433536,
                4.40273987604554,
                4.18920452754073,
                7.11930152553533,
                4.91636475802348,
                4.62484928118752,
                4.40273987604554,
                7.39649566276292,
                3.45205538287491,
                4.63983953244365,
                6.32490388764542,
                3.930221561182,
                4.18920452754073,
                3.45205538287491,
                4.93500660203921,
                4.23866289534196,
                3.52513523917283,
                4.41658505505964,
                7.11930152553533,
                4.63983953244365,
                4.23866289534196,
                7.1479845708468,
                4.91650682550507,
                4.54828243450573,
                4.91636475802348,
                6.32490388764542,
                3.52513523917283,
                4.91650682550507,
                6.35000717654251,
                3.80850318002529,
                4.62484928118752,
                3.930221561182,
                4.41658505505964,
                4.54828243450573,
                3.80850318002529,
                4.83590358299983
            ],
            "fNcols": 6,
            "fNelems": 36,
            "fNrowIndex": 0,
            "fNrows": 6,
            "fRowLwb": 0,
            "fTol": 2.22044604925031e-16,
            "fUniqueID": 0
        },
        "covarianceMatrix": {
            "_typename": "TMatrixT<double>",
            "fBits": 0,
            "fColLwb": 0,
            "fElements": [
                1173.93755003284,
                19.1531851073728,
                7.58559262495457,
                1046.03779993432,
                24.9793754741102,
                -0.215981762854664,
                19.1531851073728,
                1082.39406052404,
                2.44635615512859,
                16.9189192770252,
                972.901150758869,
                4.46809461908588,
                7.58559262495457,
                2.44635615512859,
                778.0805770828,
                -4.5329218121496,
                11.8474944435431,
                700.557679398742,
                1046.03779993432,
                16.9189192770252,
                -4.5329218121496,
                1163.15976302676,
                12.9660522375447,
                -3.85890372910149,
                24.9793754741102,
                972.901150758869,
                11.8474944435431,
                12.9660522375447,
                1081.77916112394,
                -0.756210634320739,
                -0.215981762854664,
                4.46809461908588,
                700.557679398742,
                -3.85890372910149,
                -0.756210634320739,
                841.434494185655
            ],
            "fNcols": 6,
            "fNelems": 36,
            "fNrowIndex": 0,
            "fNrows": 6,
            "fRowLwb": 0,
            "fTol": 2.22044604925031e-16,
            "fUniqueID": 0
        },
        "covarianceMatrixMC": {
            "_typename": "TMatrixT<double>",
            "fBits": 0,
            "fColLwb": 0,
            "fElements": [
                1205.87583925064,
                15.1818300750038,
                11.4773866497004,
                1062.25970625117,
                9.61690457982157,
                4.27787738982282,
                15.1818300750038,
                1110.28542242049,
                -0.533720356989395,
                13.7953346909162,
                984.691038189484,
                3.32490726404235,
                11.4773866497004,
                -0.533720356989395,
                838.010510628703,
                4.26192886099818,
                3.83518488339969,
                748.671034232982,
                1062.25970625117,
                13.7953346909162,
                4.26192886099818,
                1188.16808603207,
                4.42108578820271,
                1.25768633462166,
                9.61690457982157,
                984.691038189484,
                3.83518488339969,
                4.42108578820271,
                1101.38038300733,
                2.17035795328221,
                4.27787738982282,
                3.32490726404235,
                748.671034232982,
                1.25768633462166,
                2.17035795328221,
                900.563936333074
            ],
            "fNcols": 6,
            "fNelems": 36,
            "fNrowIndex": 0,
            "fNrows": 6,
            "fRowLwb": 0,
            "fTol": 2.22044604925031e-16,
            "fUniqueID": 0
        },
        "covarianceMatrixMCGenerated": {
            "_typename": "TMatrixT<double>",
            "fBits": 0,
            "fColLwb": 0,
            "fElements": [
                1231.0820918987,
                -20.5114519879108,
                -3.05742190863251,
                -617.562688279181,
                27.750841043382,
                0.453805597383134,
                -20.5114519879108,
                1267.47080238987,
                12.5683320360028,
                10.505133991676,
                -645.19761854246,
                -13.3438910350446,
                -3.05742190863251,
                12.5683320360028,
                1088.74353974928,
                -7.12417184675188,
                -1.49605160180636,
                -746.989560716144,
                -617.562688279181,
                10.505133991676,
                -7.12417184675188,
                1201.09659598417,
                -3.57037921224039,
                -2.66034138304467,
                27.750841043382,
                -645.19761854246,
                -1.49605160180636,
                -3.57037921224039,
                1249.11464522452,
                16.510623637852,
                0.453805597383134,
                -13.3438910350446,
                -746.989560716144,
                -2.66034138304467,
                16.510623637852,
                1094.54644698069
            ],
            "fNcols": 6,
            "fNelems": 36,
            "fNrowIndex": 0,
            "fNrows": 6,
            "fRowLwb": 0,
            "fTol": 2.22044604925031e-16,
            "fUniqueID": 0
        }
    },
    "variables": {
        "CPFit": {
            "cuts": {
                "chi2KinFit": null,
                "cutScanMode": {
                    "cutLimits": [
                        0.3,
                        0.3
                    ],
                    "cutName": "rho",
                    "cutTitle": "#rho_{0} [cm]",
                    "flag": false,
                    "numberOfPoints": 8
                },
                "omegaRho": 0.5,
                "simonaCuts": {
                    "flag": false,
                    "invMass": 100.0,
                    "kinEne": 100.0
                }
            },
            "histoResults": {
                "logScale": false,
                "rangeX": [
                    -90.0,
                    90.0
                ],
                "rangeY": [
                    0.0,
                    5000.0
                ]
            },
            "initParams": {
                "Im": -0.0019808391090125484,
                "Norm": {
                    "Omegapi0": 1.0,
                    "Other": 1.0,
                    "Regeneration": {
                        "CloseLeft": 1.5,
                        "CloseRight": 1.5,
                        "FarLeft": 0.5,
                        "FarRight": 0.5
                    },
                    "Semileptonic": 1.0,
                    "Signal": 1.0,
                    "Threepi0": 1.0
                },
                "Re": 0.00166434974830615
            },
            "limitPer": {
                "lower": 0.3,
                "upper": 0.3
            },
            "result": {
                "chi2": 404.47813897264325,
                "error": {
                    "Im": 0.04972454518195973,
                    "Norm": {
                        "Omegapi0": 0.032928623081238895,
                        "Other": 0.13232184200543484,
                        "Regeneration": {
                            "CloseLeft": 0.17935050465437885,
                            "CloseRight": 0.17709758248460772,
                            "FarLeft": 0.014909213488092488,
                            "FarRight": 0.01940367026355383
                        },
                        "Semileptonic": 0.05491139902054859,
                        "Signal": 0.012050526872268985,
                        "Threepi0": 0.047835170483148226
                    },
                    "Re": 0.004708532230576797
                },
                "normChi2": 4.494201544140481,
                "value": {
                    "Im": -0.19737518494337722,
                    "Norm": {
                        "Omegapi0": 0.7000000191703611,
                        "Other": 1.2999983479915813,
                        "Regeneration": {
                            "CloseLeft": 1.501762569283632,
                            "CloseRight": 2.166398690403798,
                            "FarLeft": 0.44534975177940916,
                            "FarRight": 0.5173633948345615
                        },
                        "Semileptonic": 0.7000008394226561,
                        "Signal": 0.9512336547627689,
                        "Threepi0": 0.7000000025762243
                    },
                    "Re": -0.02908941401765672
                }
            },
            "step": {
                "Im": 0.001,
                "Norm": {
                    "Omegapi0": 0.1,
                    "Other": 0.1,
                    "Regeneration": {
                        "CloseLeft": 0.1,
                        "CloseRight": 0.1,
                        "FarLeft": 0.1,
                        "FarRight": 0.1
                    },
                    "Semileptonic": 0.1,
                    "Signal": 0.1,
                    "Threepi0": 0.1
                },
                "Re": 0.001
            }
        },
        "KinFit": {
            "Omega": {
                "chiSqrStep": 0.001,
                "fixedVars": 0,
                "freeVars": 31,
                "loopCount": 10,
                "numOfConstraints": 8,
                "range": null
            },
            "Trilateration": {
                "bunchMax": 0,
                "bunchMin": 0,
                "chiSqrStep": 0.0001,
                "fixedVars": 3,
                "freeVars": 24,
                "goodClus": false,
                "loopCount": 20,
                "numOfConstraints": 5
            }
        },
        "OmegaRec": {
            "combined": {
                "line": {
                    "inter": 683.4345897665708,
                    "slope": 0.6917158583086116
                },
                "stdDev": {
                    "error": 0.2153077262076355,
                    "value": 12.819692407627148
                }
            },
            "fiducialVolume": {
                "charged": {
                    "error": [
                        0.006680983323387541,
                        0.006976708714463684,
                        0.09189582239788467
                    ],
                    "stdDev": [
                        0.24573160312110354,
                        0.22615478423597876,
                        1.123000988705261
                    ]
                },
                "neutral": {
                    "error": [
                        null,
                        null,
                        null
                    ],
                    "stdDev": [
                        0.411477182455037,
                        0.41202235724694497,
                        0.39059471562297304
                    ]
                }
            },
            "invMass": {
                "mean": {
                    "error": 0.5821395317055362,
                    "value": 776.2008247929103
                },
                "stdDev": {
                    "error": null,
                    "value": 28.730641298741403
                }
            },
            "kinEne": {
                "mean": {
                    "error": 0.7220791153873165,
                    "value": 133.44226625293015
                },
                "stdDev": {
                    "error": null,
                    "value": 34.27204322115873
                }
            }
        },
        "RegenRejection": {
            "boundaries": {
                "methodA": [
                    8.0,
                    20.0
                ],
                "methodB": [
                    10.0
                ]
            },
            "errors": {
                "methodA": {
                    "charged": {
                        "cylindrical": {
                            "mean": [
                                0.06350167308930103,
                                null
                            ],
                            "width": [
                                0.10723300580013917,
                                null
                            ]
                        },
                        "spherical": {
                            "mean": [
                                0.1810785124184764,
                                0.021261584339883743
                            ],
                            "width": [
                                0.1641522638702927,
                                0.017670870769065317
                            ]
                        }
                    },
                    "pureTriangle": {
                        "cylindrical": {
                            "mean": [
                                0.0641410579535199,
                                null
                            ],
                            "width": [
                                0.13803365395109485,
                                null
                            ]
                        },
                        "spherical": {
                            "mean": [
                                0.16911014061767068,
                                0.02629947656309494
                            ],
                            "width": [
                                0.22651992147606448,
                                0.021182263852797423
                            ]
                        }
                    },
                    "triangle": {
                        "cylindrical": {
                            "mean": [
                                0.06128250048024554,
                                0.03565478185063385
                            ],
                            "width": [
                                0.11873613415549361,
                                0.0360359444616164
                            ]
                        },
                        "spherical": {
                            "mean": [
                                0.06809643554394261,
                                0.031186167516835957
                            ],
                            "width": [
                                0.4943274190775435,
                                0.02580329691315264
                            ]
                        }
                    }
                },
                "methodB": {
                    "charged": {
                        "cylindrical": {
                            "mean": [
                                0.07820654011809877,
                                0.11831428922491134
                            ],
                            "width": [
                                0.13774382117310247,
                                0.1844088849939831
                            ]
                        },
                        "spherical": {
                            "mean": [
                                0.02179618656326048,
                                3.8830829075945936
                            ],
                            "width": [
                                0.020545704438526102,
                                1.782793087513495
                            ]
                        }
                    },
                    "pureTriangle": {
                        "cylindrical": {
                            "mean": [
                                2.539342844728739,
                                0.03331224582436649
                            ],
                            "width": [
                                6.089921100339326,
                                0.02582397726190619
                            ]
                        },
                        "spherical": {
                            "mean": [
                                0.027261156625088642,
                                0.1953138206256745
                            ],
                            "width": [
                                0.027428601171402223,
                                0.15250764048974658
                            ]
                        }
                    },
                    "triangle": {
                        "cylindrical": {
                            "mean": [
                                2.664319231975871,
                                0.10848052077482608
                            ],
                            "width": [
                                4.501974403089206,
                                0.09177551211985749
                            ]
                        },
                        "spherical": {
                            "mean": [
                                0.06809643755115437,
                                0.28289501200944683
                            ],
                            "width": [
                                0.49432743044897703,
                                0.20386541103104272
                            ]
                        }
                    }
                }
            },
            "results": {
                "methodA": {
                    "charged": {
                        "cylindrical": {
                            "mean": [
                                4.701182836544183,
                                null
                            ],
                            "width": [
                                1.2050492640958281,
                                null
                            ]
                        },
                        "spherical": {
                            "mean": [
                                9.563831280245553,
                                10.637046295242795
                            ],
                            "width": [
                                1.5025922958326128,
                                0.8903453349263124
                            ]
                        }
                    },
                    "pureTriangle": {
                        "cylindrical": {
                            "mean": [
                                4.837640889474107,
                                null
                            ],
                            "width": [
                                1.018416517599828,
                                null
                            ]
                        },
                        "spherical": {
                            "mean": [
                                10.085268623315908,
                                11.212155345968954
                            ],
                            "width": [
                                2.095367379023866,
                                1.1233529163877152
                            ]
                        }
                    },
                    "triangle": {
                        "cylindrical": {
                            "mean": [
                                4.85215525437027,
                                10.367788633672001
                            ],
                            "width": [
                                0.9394229595097088,
                                1.4104779196960262
                            ]
                        },
                        "spherical": {
                            "mean": [
                                5.048520382491009,
                                11.263094145179078
                            ],
                            "width": [
                                0.3986103779801967,
                                1.1665088667790298
                            ]
                        }
                    }
                },
                "methodB": {
                    "charged": {
                        "cylindrical": {
                            "mean": [
                                4.698030930414734,
                                4.550731565614877
                            ],
                            "width": [
                                1.3026392268646956,
                                0.7488068275355109
                            ]
                        },
                        "spherical": {
                            "mean": [
                                10.490333573973501,
                                12.858708016798971
                            ],
                            "width": [
                                0.9902157485702958,
                                2.1800689191726494
                            ]
                        }
                    },
                    "pureTriangle": {
                        "cylindrical": {
                            "mean": [
                                5.137755668922043,
                                4.8507492484270935
                            ],
                            "width": [
                                6.090109105955177,
                                0.45317923186003767
                            ]
                        },
                        "spherical": {
                            "mean": [
                                11.096523370667384,
                                11.858341810239846
                            ],
                            "width": [
                                1.266840417412829,
                                1.0988645194229765
                            ]
                        }
                    },
                    "triangle": {
                        "cylindrical": {
                            "mean": [
                                6.20209436331557,
                                12.256839303998337
                            ],
                            "width": [
                                6.013523479988102,
                                0.45499245149727113
                            ]
                        },
                        "spherical": {
                            "mean": [
                                5.048520382099875,
                                12.00940843997973
                            ],
                            "width": [
                                0.3986103812479631,
                                1.16483730640616
                            ]
                        }
                    }
                }
            },
            "sigma": 0.0
        },
        "Resolutions": {
            "deltaT": 2.0,
            "momCharged": [
                3.6131249318317935,
                3.593722545313319,
                4.20938348392935,
                0.7545379839633315
            ],
            "momNeutral": {
                "pureTriangle": [
                    3.2833046600495592,
                    3.3439292084890098,
                    3.9297873803679257,
                    0.19077702083252465
                ],
                "triTriangle": [
                    3.266721099294612,
                    3.326794977908071,
                    4.014546575667175,
                    0.1907438515836392
                ],
                "trilateration": [
                    15.356795830599358,
                    33.63613768523771,
                    35.933788033592705,
                    0.9215446666475016
                ]
            },
            "pathCharged": 1.380214379459432,
            "pathNeutral": {
                "pureTriangle": 0.721639510975499,
                "triTriangle": 0.7158323180008569,
                "trilateration": 4.660951823228735
            },
            "rhoCharged": 0.1397413323844326,
            "rhoNeutral": {
                "pureTriangle": 0.6885705027158037,
                "triTriangle": 0.7330918396099843,
                "trilateration": 3.388628748761495
            },
            "vtxCharged": [
                0.7095059084584923,
                0.7231498007234811,
                1.0937104593118698,
                1.2641509431752038
            ],
            "vtxNeutral": {
                "pureTriangle": [
                    0.7784681762952839,
                    0.7282642037531799,
                    1.3302445894371533,
                    1.158162643586528
                ],
                "triTriangle": [
                    0.741247667184261,
                    0.7391049203989483,
                    1.3623782106887345,
                    1.1809737428459406
                ],
                "trilateration": [
                    1.845310280833326,
                    1.9570864140740627,
                    2.963805874771353,
                    7.545685321992668
                ]
            }
        },
        "parallelization": {
            "numOfThreads": 4
        },
        "rootFiles": {
            "Data": {
                "firstFile": 1,
                "lastFile": 1
            },
            "MC": [
                {
                    "firstFile": 1,
                    "lastFile": 1
                },
                {
                    "firstFile": 1,
                    "lastFile": 1
                },
                {
                    "firstFile": 1,
                    "lastFile": 1
                }
            ],
            "firstFileMax": 1,
            "lastFileMax": 569,
            "newestFileDateStamp": "2025-08-25",
            "path": "/data/ssd/gamrat/KLOE/Subanalysis/InitialAnalysis/root_files/",
            "pathControlSample": "/data/ssd/gamrat/KLOE/Subanalysis/InitialAnalysis/root_files/"
        },
        "tree": {
            "filename": {
                "generatedvars": "/internal/big_one/4/users/gamrat/scripts/Scripts/Subanalysis/GeneratedVars/root_files/gen_vars_2025-06-16_3.root",
                "mctruth": "/internal/big_one/4/users/gamrat/scripts/Scripts/Subanalysis/GeneratedVars/root_files/mctruth_2025-03-13_3.root",
                "omegarec": "/internal/big_one/4/users/gamrat/scripts/Scripts/Subanalysis/OmegaRec/root_files/omega_rec_2025-04-14_3.root",
                "omegarecKinFit": "/internal/big_one/4/users/gamrat/scripts/Scripts/Subanalysis/OmegaRec/root_files/omega_rec_kin_fit_2025-02-07_31_0_8_10_2.root",
                "selectionvars": "/internal/big_one/4/users/gamrat/scripts/Scripts/Subanalysis/SelectionVars/root_files/selection_vars.root",
                "trianglefinal": "/internal/big_one/4/users/gamrat/scripts/Scripts/Subanalysis/Neutrec/root_files/neuvtx_triangle_rec_2025-03-23_24_3_5_20_3.root",
                "trilateration": "/internal/big_one/4/users/gamrat/scripts/Scripts/Subanalysis/Neutrec/root_files/neuvtx_triangle_rec_1_56_10_5_1_1.root",
                "trilaterationKinFit": "/internal/big_one/4/users/gamrat/scripts/Scripts/Subanalysis/Neutrec/root_files/neuvtx_tri_kin_fit_2025-03-23_24_3_5_20_3.root"
            },
            "treename": {
                "general": "h1",
                "generatedvars": "h_gen_vars",
                "mctruth": "h_gen_vars",
                "omegarec": "h_omega_rec",
                "omegarecKinFit": "h_omega_rec_kin_fit",
                "selectionvars": "h_sel_vars",
                "trianglefinal": "h_triangle",
                "trilateration": "h_tri",
                "trilaterationKinFit": "h_tri"
            }
        }
    }
}