{
    "$schema": "./schemas/analysis-schema.json",
    "flags": {
        "analysisCode": "FOUR_PI",
        "covMatrixType": "KS",
        "initialAnalysisExec": {
            "MC": false,
            "flag": false,
            "parts": {
                "covMatrixInitialAnalysisExec": false,
                "omegaInitialAnalysisExec": false,
                "signalInitialAnalysisExec": true
            }
        }
    },
    "lastScript": "Two body KS-KL reconstruction.",
    "lastUpdate": "2025-08-31_1311",
    "momSmearing": {
        "bootstrapMeanCovMatrix": {
            "_typename": "TMatrixT<double>",
            "fBits": 0,
            "fColLwb": 0,
            "fElements": [
                0.964670604624098,
                0.00234493559595675,
                -0.0118835566903023,
                0.207052518822639,
                0.0179034012796826,
                0.0164064790161926,
                0.00234493559595675,
                0.934025857268225,
                0.00620604086324506,
                0.00745381622574751,
                0.242119806256137,
                -0.00131062065007364,
                -0.0118835566903023,
                0.00620604086324506,
                0.697291037715367,
                0.00812616000531783,
                -0.0181116470310087,
                -0.169769207229548,
                0.207052518822639,
                0.00745381622574751,
                0.00812616000531783,
                1.04177470414494,
                -0.000367120460479478,
                -0.0138553967835573,
                0.0179034012796826,
                0.242119806256137,
                -0.0181116470310087,
                -0.000367120460479478,
                1.0040995281039,
                0.0102907886116705,
                0.0164064790161926,
                -0.00131062065007364,
                -0.169769207229548,
                -0.0138553967835573,
                0.0102907886116705,
                0.778784596307486
            ],
            "fNcols": 6,
            "fNelems": 36,
            "fNrowIndex": 0,
            "fNrows": 6,
            "fRowLwb": 0,
            "fTol": 2.22044604925031e-16,
            "fUniqueID": 0
        },
        "bootstrapUncertaintyMatrix": {
            "_typename": "TMatrixT<double>",
            "fBits": 0,
            "fColLwb": 0,
            "fElements": [
                null,
                null,
                null,
                null,
                null,
                null,
                null,
                null,
                null,
                null,
                null,
                null,
                null,
                null,
                null,
                null,
                null,
                null,
                null,
                null,
                null,
                null,
                null,
                null,
                null,
                null,
                null,
                null,
                null,
                null,
                null,
                null,
                null,
                null,
                null,
                null
            ],
            "fNcols": 6,
            "fNelems": 36,
            "fNrowIndex": 0,
            "fNrows": 6,
            "fRowLwb": 0,
            "fTol": 2.22044604925031e-16,
            "fUniqueID": 0
        },
        "covarianceMatrixKL": {
            "_typename": "TMatrixT<double>",
            "fBits": 0,
            "fColLwb": 0,
            "fElements": [
                2.45827816970742,
                -0.0319179353189475,
                -0.0141423297986032,
                -0.730696810423431,
                0.0238403944439175,
                0.0168107395121682,
                -0.0319179353189475,
                2.5831384390463,
                0.0143164088054262,
                0.0153354958052606,
                -0.857738611637923,
                0.00558541664502965,
                -0.0141423297986032,
                0.0143164088054262,
                1.67168373879725,
                -0.0359662475633114,
                -0.00436881698175103,
                -0.826335716418465,
                -0.730696810423431,
                0.0153354958052606,
                -0.0359662475633114,
                2.36491986782746,
                -0.019208987534695,
                0.00909308063445484,
                0.0238403944439175,
                -0.857738611637923,
                -0.00436881698175103,
                -0.019208987534695,
                2.47137155494616,
                0.00769658577887282,
                0.0168107395121682,
                0.00558541664502965,
                -0.826335716418465,
                0.00909308063445484,
                0.00769658577887282,
                1.68920572684988
            ],
            "fNcols": 6,
            "fNelems": 36,
            "fNrowIndex": 0,
            "fNrows": 6,
            "fRowLwb": 0,
            "fTol": 2.22044604925031e-16,
            "fUniqueID": 0
        },
        "covarianceMatrixKS": {
            "_typename": "TMatrixT<double>",
            "fBits": 0,
            "fColLwb": 0,
            "fElements": [
                1.32416884269525,
                -0.0384380460536312,
                -0.029222678024168,
                0.0971330883849776,
                0.00204130097585866,
                0.0040376929577529,
                -0.0384380460536312,
                1.36293891708836,
                0.00734329889681917,
                0.0262688794163209,
                0.0407839373026093,
                0.0339585759270018,
                -0.029222678024168,
                0.00734329889681917,
                1.03584089330885,
                0.018949511053624,
                -0.00505912774881354,
                -0.336308985977581,
                0.0971330883849776,
                0.0262688794163209,
                0.018949511053624,
                1.46821222004443,
                -0.00914844288673432,
                -0.0110203181160595,
                0.00204130097585866,
                0.0407839373026093,
                -0.00505912774881354,
                -0.00914844288673432,
                1.51149076645923,
                -0.0130181146499104,
                0.0040376929577529,
                0.0339585759270018,
                -0.336308985977581,
                -0.0110203181160595,
                -0.0130181146499104,
                1.16590222378669
            ],
            "fNcols": 6,
            "fNelems": 36,
            "fNrowIndex": 0,
            "fNrows": 6,
            "fRowLwb": 0,
            "fTol": 2.22044604925031e-16,
            "fUniqueID": 0
        },
        "covarianceMatrixMCGeneratedKL": {
            "_typename": "TMatrixT<double>",
            "fBits": 0,
            "fColLwb": 0,
            "fElements": [
                1220.42125985585,
                -10.1714483502095,
                -12.8472854661287,
                -628.76053089976,
                11.1603711383649,
                -1.76904001442286,
                -10.1714483502095,
                1270.98811814348,
                11.0457225714163,
                16.0076089067865,
                -648.754549781874,
                -0.604332268351015,
                -12.8472854661287,
                11.0457225714163,
                1098.67145084069,
                2.73565328294013,
                -8.36162302830812,
                -749.425649945407,
                -628.76053089976,
                16.0076089067865,
                2.73565328294013,
                1231.46496783059,
                -2.30768874218279,
                0.172868730799518,
                11.1603711383649,
                -648.754549781874,
                -8.36162302830812,
                -2.30768874218279,
                1250.01933780655,
                12.2748509650481,
                -1.76904001442286,
                -0.604332268351015,
                -749.425649945407,
                0.172868730799518,
                12.2748509650481,
                1088.54347711599
            ],
            "fNcols": 6,
            "fNelems": 36,
            "fNrowIndex": 0,
            "fNrows": 6,
            "fRowLwb": 0,
            "fTol": 2.22044604925031e-16,
            "fUniqueID": 0
        },
        "covarianceMatrixMCGeneratedKS": {
            "_typename": "TMatrixT<double>",
            "fBits": 0,
            "fColLwb": 0,
            "fElements": [
                1231.0820918987,
                -20.5114519879108,
                -3.05742190863251,
                -617.562688279181,
                27.750841043382,
                0.453805597383134,
                -20.5114519879108,
                1267.47080238987,
                12.5683320360028,
                10.505133991676,
                -645.19761854246,
                -13.3438910350446,
                -3.05742190863251,
                12.5683320360028,
                1088.74353974928,
                -7.12417184675188,
                -1.49605160180636,
                -746.989560716144,
                -617.562688279181,
                10.505133991676,
                -7.12417184675188,
                1201.09659598417,
                -3.57037921224039,
                -2.66034138304467,
                27.750841043382,
                -645.19761854246,
                -1.49605160180636,
                -3.57037921224039,
                1249.11464522452,
                16.510623637852,
                0.453805597383134,
                -13.3438910350446,
                -746.989560716144,
                -2.66034138304467,
                16.510623637852,
                1094.54644698069
            ],
            "fNcols": 6,
            "fNelems": 36,
            "fNrowIndex": 0,
            "fNrows": 6,
            "fRowLwb": 0,
            "fTol": 2.22044604925031e-16,
            "fUniqueID": 0
        },
        "covarianceMatrixMCGeneratedMIXED": {
            "_typename": "TMatrixT<double>",
            "fBits": 0,
            "fColLwb": 0,
            "fElements": [
                1225.91440874319,
                -15.334151139817,
                -7.99246571692132,
                -623.064211708155,
                19.4488906086732,
                -0.673837151085143,
                -15.334151139817,
                1269.22978764739,
                11.805228168132,
                13.2607400118184,
                -646.976385375319,
                -6.97483916307614,
                -7.99246571692132,
                11.805228168132,
                1093.71738250638,
                -2.21826687553715,
                -4.92718200745773,
                -748.203607274722,
                -623.064211708155,
                13.2607400118184,
                -2.21826687553715,
                1216.33907584871,
                -2.94305331344511,
                -1.25344419319952,
                19.4488906086732,
                -646.976385375319,
                -4.92718200745773,
                -2.94305331344511,
                1249.56726862636,
                14.3934066446113,
                -0.673837151085143,
                -6.97483916307614,
                -748.203607274722,
                -1.25344419319952,
                14.3934066446113,
                1091.54657872482
            ],
            "fNcols": 6,
            "fNelems": 36,
            "fNrowIndex": 0,
            "fNrows": 6,
            "fRowLwb": 0,
            "fTol": 2.22044604925031e-16,
            "fUniqueID": 0
        },
        "covarianceMatrixMCKL": {
            "_typename": "TMatrixT<double>",
            "fBits": 0,
            "fColLwb": 0,
            "fElements": [
                1.83924959432269,
                -0.0125245603620298,
                -0.00912680074350306,
                -0.475399914613906,
                0.0275824959943881,
                0.00987831493435158,
                -0.0125245603620298,
                1.84221157268716,
                -0.0111340818432396,
                0.0149226269093879,
                -0.487921903756279,
                0.0067322669077613,
                -0.00912680074350306,
                -0.0111340818432396,
                1.2573298627402,
                -0.00753386225099236,
                0.00895446850557961,
                -0.62461756015184,
                -0.475399914613906,
                0.0149226269093879,
                -0.00753386225099236,
                1.73157010663588,
                -0.0227161808548022,
                0.000300797186189394,
                0.0275824959943881,
                -0.487921903756279,
                0.00895446850557961,
                -0.0227161808548022,
                1.75408555461796,
                -0.00248611765205108,
                0.00987831493435158,
                0.0067322669077613,
                -0.62461756015184,
                0.000300797186189394,
                -0.00248611765205108,
                1.29223760229846
            ],
            "fNcols": 6,
            "fNelems": 36,
            "fNrowIndex": 0,
            "fNrows": 6,
            "fRowLwb": 0,
            "fTol": 2.22044604925031e-16,
            "fUniqueID": 0
        },
        "covarianceMatrixMCKS": {
            "_typename": "TMatrixT<double>",
            "fBits": 0,
            "fColLwb": 0,
            "fElements": [
                0.969989518352872,
                0.0050031778688948,
                -0.0160626491992605,
                0.209358960103221,
                -0.00203241658052782,
                0.0169560206741581,
                0.0050031778688948,
                0.942519918837565,
                0.00603653539989791,
                -0.00188459336393179,
                0.233335458897708,
                -0.00294912620319002,
                -0.0160626491992605,
                0.00603653539989791,
                0.696357423056467,
                0.0022174274681272,
                -0.014367206429857,
                -0.164702341111574,
                0.209358960103221,
                -0.00188459336393179,
                0.0022174274681272,
                1.06902402006572,
                -0.00110413272239629,
                -0.0147566131243621,
                -0.00203241658052782,
                0.233335458897708,
                -0.014367206429857,
                -0.00110413272239629,
                1.02127760866395,
                0.01142334163405,
                0.0169560206741581,
                -0.00294912620319002,
                -0.164702341111574,
                -0.0147566131243621,
                0.01142334163405,
                0.773916448790251
            ],
            "fNcols": 6,
            "fNelems": 36,
            "fNrowIndex": 0,
            "fNrows": 6,
            "fRowLwb": 0,
            "fTol": 2.22044604925031e-16,
            "fUniqueID": 0
        },
        "covarianceMatrixMCMIXED": {
            "_typename": "TMatrixT<double>",
            "fBits": 0,
            "fColLwb": 0,
            "fElements": [
                1.40461956733911,
                -0.00376150161237314,
                -0.0125946319392874,
                -0.133020645892982,
                0.012774778223797,
                0.0134169283019823,
                -0.00376150161237314,
                1.39242513825187,
                -0.00255560717868836,
                0.00653137174022481,
                -0.127274047368162,
                0.00190910769208117,
                -0.0125946319392874,
                -0.00255560717868836,
                0.976844428433018,
                -0.00265963924965493,
                -0.00270857476960344,
                -0.394661969388304,
                -0.133020645892982,
                0.00653137174022481,
                -0.00265963924965493,
                1.40029963338824,
                -0.0119061677797425,
                -0.00722426005921836,
                0.012774778223797,
                -0.127274047368162,
                -0.00270857476960344,
                -0.0119061677797425,
                1.38768777198814,
                0.00447427455385433,
                0.0134169283019823,
                0.00190910769208117,
                -0.394661969388304,
                -0.00722426005921836,
                0.00447427455385433,
                1.03308220308865
            ],
            "fNcols": 6,
            "fNelems": 36,
            "fNrowIndex": 0,
            "fNrows": 6,
            "fRowLwb": 0,
            "fTol": 2.22044604925031e-16,
            "fUniqueID": 0
        },
        "covarianceMatrixMIXED": {
            "_typename": "TMatrixT<double>",
            "fBits": 0,
            "fColLwb": 0,
            "fElements": [
                8574.34993130042,
                -86.9393153539786,
                -71.7843640194592,
                -7482.71606544428,
                8.83408431143175,
                14.1554225414135,
                -86.9393153539786,
                8423.77910958308,
                15.7923426289187,
                20.1731974334943,
                -7487.93451708709,
                -14.8755401256311,
                -71.7843640194592,
                15.7923426289187,
                5318.64535322204,
                48.5373834168013,
                0.841967951684262,
                -4776.7688014495,
                -7482.71606544428,
                20.1731974334943,
                48.5373834168013,
                8595.57651316758,
                50.4437031595677,
                -0.358304670111914,
                8.83408431143175,
                -7487.93451708709,
                0.841967951684262,
                50.4437031595677,
                8544.87847379647,
                -10.4011593738727,
                14.1554225414135,
                -14.8755401256311,
                -4776.7688014495,
                -0.358304670111914,
                -10.4011593738727,
                5592.23812965997
            ],
            "fNcols": 6,
            "fNelems": 36,
            "fNrowIndex": 0,
            "fNrows": 6,
            "fRowLwb": 0,
            "fTol": 2.22044604925031e-16,
            "fUniqueID": 0
        }
    },
    "variables": {
        "CPFit": {
            "cuts": {
                "chi2KinFit": null,
                "cutScanMode": {
                    "cutLimits": [
                        0.3,
                        0.3
                    ],
                    "cutName": "rho",
                    "cutTitle": "#rho_{0} [cm]",
                    "flag": false,
                    "numberOfPoints": 8
                },
                "omegaRho": 0.5,
                "simonaCuts": {
                    "flag": false,
                    "invMass": 100.0,
                    "kinEne": 100.0
                }
            },
            "histoResults": {
                "logScale": false,
                "rangeX": [
                    -90.0,
                    90.0
                ],
                "rangeY": [
                    0.0,
                    5000.0
                ]
            },
            "initParams": {
                "Im": -0.0019808391090125484,
                "Norm": {
                    "Omegapi0": 1.0,
                    "Other": 1.0,
                    "Regeneration": {
                        "CloseLeft": 1.5,
                        "CloseRight": 1.5,
                        "FarLeft": 0.5,
                        "FarRight": 0.5
                    },
                    "Semileptonic": 1.0,
                    "Signal": 1.0,
                    "Threepi0": 1.0
                },
                "Re": 0.00166434974830615
            },
            "limitPer": {
                "lower": 0.3,
                "upper": 0.3
            },
            "result": {
                "chi2": 404.47813897264325,
                "error": {
                    "Im": 0.04972454518195973,
                    "Norm": {
                        "Omegapi0": 0.032928623081238895,
                        "Other": 0.13232184200543484,
                        "Regeneration": {
                            "CloseLeft": 0.17935050465437885,
                            "CloseRight": 0.17709758248460772,
                            "FarLeft": 0.014909213488092488,
                            "FarRight": 0.01940367026355383
                        },
                        "Semileptonic": 0.05491139902054859,
                        "Signal": 0.012050526872268985,
                        "Threepi0": 0.047835170483148226
                    },
                    "Re": 0.004708532230576797
                },
                "normChi2": 4.494201544140481,
                "value": {
                    "Im": -0.19737518494337722,
                    "Norm": {
                        "Omegapi0": 0.7000000191703611,
                        "Other": 1.2999983479915813,
                        "Regeneration": {
                            "CloseLeft": 1.501762569283632,
                            "CloseRight": 2.166398690403798,
                            "FarLeft": 0.44534975177940916,
                            "FarRight": 0.5173633948345615
                        },
                        "Semileptonic": 0.7000008394226561,
                        "Signal": 0.9512336547627689,
                        "Threepi0": 0.7000000025762243
                    },
                    "Re": -0.02908941401765672
                }
            },
            "step": {
                "Im": 0.001,
                "Norm": {
                    "Omegapi0": 0.1,
                    "Other": 0.1,
                    "Regeneration": {
                        "CloseLeft": 0.1,
                        "CloseRight": 0.1,
                        "FarLeft": 0.1,
                        "FarRight": 0.1
                    },
                    "Semileptonic": 0.1,
                    "Signal": 0.1,
                    "Threepi0": 0.1
                },
                "Re": 0.001
            }
        },
        "KinFit": {
            "Omega": {
                "chiSqrStep": 0.001,
                "fixedVars": 0,
                "freeVars": 31,
                "loopCount": 10,
                "numOfConstraints": 8,
                "range": null
            },
            "Trilateration": {
                "bunchMax": 0,
                "bunchMin": 0,
                "chiSqrStep": 0.0001,
                "fixedVars": 3,
                "freeVars": 24,
                "goodClus": false,
                "loopCount": 20,
                "numOfConstraints": 5
            }
        },
        "OmegaRec": {
            "combined": {
                "line": {
                    "inter": 683.4345897665708,
                    "slope": 0.6917158583086116
                },
                "stdDev": {
                    "error": 0.2153077262076355,
                    "value": 12.819692407627148
                }
            },
            "fiducialVolume": {
                "charged": {
                    "error": [
                        0.006680983323387541,
                        0.006976708714463684,
                        0.09189582239788467
                    ],
                    "stdDev": [
                        0.24573160312110354,
                        0.22615478423597876,
                        1.123000988705261
                    ]
                },
                "neutral": {
                    "error": [
                        null,
                        null,
                        null
                    ],
                    "stdDev": [
                        0.411477182455037,
                        0.41202235724694497,
                        0.39059471562297304
                    ]
                }
            },
            "invMass": {
                "mean": {
                    "error": 0.5821395317055362,
                    "value": 776.2008247929103
                },
                "stdDev": {
                    "error": null,
                    "value": 28.730641298741403
                }
            },
            "kinEne": {
                "mean": {
                    "error": 0.7220791153873165,
                    "value": 133.44226625293015
                },
                "stdDev": {
                    "error": null,
                    "value": 34.27204322115873
                }
            }
        },
        "RegenRejection": {
            "boundaries": {
                "methodA": [
                    8.0,
                    20.0
                ],
                "methodB": [
                    10.0
                ]
            },
            "errors": {
                "methodA": {
                    "charged": {
                        "cylindrical": {
                            "mean": [
                                0.06350167308930103,
                                null
                            ],
                            "width": [
                                0.10723300580013917,
                                null
                            ]
                        },
                        "spherical": {
                            "mean": [
                                0.1810785124184764,
                                0.021261584339883743
                            ],
                            "width": [
                                0.1641522638702927,
                                0.017670870769065317
                            ]
                        }
                    },
                    "pureTriangle": {
                        "cylindrical": {
                            "mean": [
                                0.0641410579535199,
                                null
                            ],
                            "width": [
                                0.13803365395109485,
                                null
                            ]
                        },
                        "spherical": {
                            "mean": [
                                0.16911014061767068,
                                0.02629947656309494
                            ],
                            "width": [
                                0.22651992147606448,
                                0.021182263852797423
                            ]
                        }
                    },
                    "triangle": {
                        "cylindrical": {
                            "mean": [
                                0.06128250048024554,
                                0.03565478185063385
                            ],
                            "width": [
                                0.11873613415549361,
                                0.0360359444616164
                            ]
                        },
                        "spherical": {
                            "mean": [
                                0.06809643554394261,
                                0.031186167516835957
                            ],
                            "width": [
                                0.4943274190775435,
                                0.02580329691315264
                            ]
                        }
                    }
                },
                "methodB": {
                    "charged": {
                        "cylindrical": {
                            "mean": [
                                0.07820654011809877,
                                0.11831428922491134
                            ],
                            "width": [
                                0.13774382117310247,
                                0.1844088849939831
                            ]
                        },
                        "spherical": {
                            "mean": [
                                0.02179618656326048,
                                3.8830829075945936
                            ],
                            "width": [
                                0.020545704438526102,
                                1.782793087513495
                            ]
                        }
                    },
                    "pureTriangle": {
                        "cylindrical": {
                            "mean": [
                                2.539342844728739,
                                0.03331224582436649
                            ],
                            "width": [
                                6.089921100339326,
                                0.02582397726190619
                            ]
                        },
                        "spherical": {
                            "mean": [
                                0.027261156625088642,
                                0.1953138206256745
                            ],
                            "width": [
                                0.027428601171402223,
                                0.15250764048974658
                            ]
                        }
                    },
                    "triangle": {
                        "cylindrical": {
                            "mean": [
                                2.664319231975871,
                                0.10848052077482608
                            ],
                            "width": [
                                4.501974403089206,
                                0.09177551211985749
                            ]
                        },
                        "spherical": {
                            "mean": [
                                0.06809643755115437,
                                0.28289501200944683
                            ],
                            "width": [
                                0.49432743044897703,
                                0.20386541103104272
                            ]
                        }
                    }
                }
            },
            "results": {
                "methodA": {
                    "charged": {
                        "cylindrical": {
                            "mean": [
                                4.701182836544183,
                                null
                            ],
                            "width": [
                                1.2050492640958281,
                                null
                            ]
                        },
                        "spherical": {
                            "mean": [
                                9.563831280245553,
                                10.637046295242795
                            ],
                            "width": [
                                1.5025922958326128,
                                0.8903453349263124
                            ]
                        }
                    },
                    "pureTriangle": {
                        "cylindrical": {
                            "mean": [
                                4.837640889474107,
                                null
                            ],
                            "width": [
                                1.018416517599828,
                                null
                            ]
                        },
                        "spherical": {
                            "mean": [
                                10.085268623315908,
                                11.212155345968954
                            ],
                            "width": [
                                2.095367379023866,
                                1.1233529163877152
                            ]
                        }
                    },
                    "triangle": {
                        "cylindrical": {
                            "mean": [
                                4.85215525437027,
                                10.367788633672001
                            ],
                            "width": [
                                0.9394229595097088,
                                1.4104779196960262
                            ]
                        },
                        "spherical": {
                            "mean": [
                                5.048520382491009,
                                11.263094145179078
                            ],
                            "width": [
                                0.3986103779801967,
                                1.1665088667790298
                            ]
                        }
                    }
                },
                "methodB": {
                    "charged": {
                        "cylindrical": {
                            "mean": [
                                4.698030930414734,
                                4.550731565614877
                            ],
                            "width": [
                                1.3026392268646956,
                                0.7488068275355109
                            ]
                        },
                        "spherical": {
                            "mean": [
                                10.490333573973501,
                                12.858708016798971
                            ],
                            "width": [
                                0.9902157485702958,
                                2.1800689191726494
                            ]
                        }
                    },
                    "pureTriangle": {
                        "cylindrical": {
                            "mean": [
                                5.137755668922043,
                                4.8507492484270935
                            ],
                            "width": [
                                6.090109105955177,
                                0.45317923186003767
                            ]
                        },
                        "spherical": {
                            "mean": [
                                11.096523370667384,
                                11.858341810239846
                            ],
                            "width": [
                                1.266840417412829,
                                1.0988645194229765
                            ]
                        }
                    },
                    "triangle": {
                        "cylindrical": {
                            "mean": [
                                6.20209436331557,
                                12.256839303998337
                            ],
                            "width": [
                                6.013523479988102,
                                0.45499245149727113
                            ]
                        },
                        "spherical": {
                            "mean": [
                                5.048520382099875,
                                12.00940843997973
                            ],
                            "width": [
                                0.3986103812479631,
                                1.16483730640616
                            ]
                        }
                    }
                }
            },
            "sigma": 0.0
        },
        "Resolutions": {
            "deltaT": 2.0,
            "momCharged": [
                3.6131249318317935,
                3.593722545313319,
                4.20938348392935,
                0.7545379839633315
            ],
            "momNeutral": {
                "pureTriangle": [
                    3.2833046600495592,
                    3.3439292084890098,
                    3.9297873803679257,
                    0.19077702083252465
                ],
                "triTriangle": [
                    3.266721099294612,
                    3.326794977908071,
                    4.014546575667175,
                    0.1907438515836392
                ],
                "trilateration": [
                    15.356795830599358,
                    33.63613768523771,
                    35.933788033592705,
                    0.9215446666475016
                ]
            },
            "pathCharged": 1.380214379459432,
            "pathNeutral": {
                "pureTriangle": 0.721639510975499,
                "triTriangle": 0.7158323180008569,
                "trilateration": 4.660951823228735
            },
            "rhoCharged": 0.1397413323844326,
            "rhoNeutral": {
                "pureTriangle": 0.6885705027158037,
                "triTriangle": 0.7330918396099843,
                "trilateration": 3.388628748761495
            },
            "vtxCharged": [
                0.7095059084584923,
                0.7231498007234811,
                1.0937104593118698,
                1.2641509431752038
            ],
            "vtxNeutral": {
                "pureTriangle": [
                    0.7784681762952839,
                    0.7282642037531799,
                    1.3302445894371533,
                    1.158162643586528
                ],
                "triTriangle": [
                    0.741247667184261,
                    0.7391049203989483,
                    1.3623782106887345,
                    1.1809737428459406
                ],
                "trilateration": [
                    1.845310280833326,
                    1.9570864140740627,
                    2.963805874771353,
                    7.545685321992668
                ]
            }
        },
        "parallelization": {
            "numOfThreads": 4
        },
        "rootFiles": {
            "Data": {
                "firstFile": 1,
                "lastFile": 1
            },
            "MC": [
                {
                    "firstFile": 1,
                    "lastFile": 1
                },
                {
                    "firstFile": 1,
                    "lastFile": 1
                },
                {
                    "firstFile": 1,
                    "lastFile": 1
                }
            ],
            "firstFileMax": 1,
            "lastFileMax": 569,
            "newestFileDateStampData": "2025-08-25",
            "newestFileDateStampMC": "2025-08-23",
            "path": "/data/ssd/gamrat/KLOE/Subanalysis/InitialAnalysis/root_files/",
            "pathControlSample": "/data/ssd/gamrat/KLOE/Subanalysis/InitialAnalysis/root_files/"
        },
        "tree": {
            "filename": {
                "generatedvars": "/internal/big_one/4/users/gamrat/scripts/Scripts/Subanalysis/GeneratedVars/root_files/gen_vars_2025-06-16_3.root",
                "mctruth": "/internal/big_one/4/users/gamrat/scripts/Scripts/Subanalysis/GeneratedVars/root_files/mctruth_2025-03-13_3.root",
                "omegarec": "/internal/big_one/4/users/gamrat/scripts/Scripts/Subanalysis/OmegaRec/root_files/omega_rec_2025-04-14_3.root",
                "omegarecKinFit": "/internal/big_one/4/users/gamrat/scripts/Scripts/Subanalysis/OmegaRec/root_files/omega_rec_kin_fit_2025-02-07_31_0_8_10_2.root",
                "selectionvars": "/internal/big_one/4/users/gamrat/scripts/Scripts/Subanalysis/SelectionVars/root_files/selection_vars.root",
                "trianglefinal": "/internal/big_one/4/users/gamrat/scripts/Scripts/Subanalysis/Neutrec/root_files/neuvtx_triangle_rec_2025-03-23_24_3_5_20_3.root",
                "trilateration": "/internal/big_one/4/users/gamrat/scripts/Scripts/Subanalysis/Neutrec/root_files/neuvtx_triangle_rec_1_56_10_5_1_1.root",
