{
    "$schema": "./schemas/analysis-schema.json",
    "flags": {
        "analysisCode": "SIGNAL",
        "covMatrixType": "MIXED",
        "initialAnalysisExec": {
            "MC": true,
            "flag": true,
            "parts": {
                "covMatrixInitialAnalysisExec": false,
                "omegaInitialAnalysisExec": false,
                "signalInitialAnalysisExec": true
            }
        },
        "trilaterationReconstructionMode": "TWO_PI0"
    },
    "lastScript": "Initial analysis",
    "lastUpdate": "2025-10-08",
    "momSmearing": {
        "bootstrapMeanCovMatrix": {
            "_typename": "TMatrixT<double>",
            "fBits": 0,
            "fColLwb": 0,
            "fElements": [
                0.593018309515305,
                -0.00159200512179122,
                -0.00344982070924379,
                0.167587748480225,
                0.00139097341426412,
                -0.000448089650717945,
                -0.00159200512179122,
                0.59159805246666,
                -0.0037997327724735,
                -0.00226794455679143,
                0.171998014820917,
                -0.00169448160013559,
                -0.00344982070924379,
                -0.0037997327724735,
                0.367085572806424,
                -0.00185350030723207,
                -0.000497387961587665,
                -0.00694623867273597,
                0.167587748480225,
                -0.00226794455679143,
                -0.00185350030723207,
                0.602964572445562,
                -0.00270550493265166,
                -0.00318355849304079,
                0.00139097341426412,
                0.171998014820917,
                -0.000497387961587665,
                -0.00270550493265166,
                0.604587085826254,
                -0.0021611574384397,
                -0.000448089650717945,
                -0.00169448160013559,
                -0.00694623867273597,
                -0.00318355849304079,
                -0.0021611574384397,
                0.392813554770719
            ],
            "fNcols": 6,
            "fNelems": 36,
            "fNrowIndex": 0,
            "fNrows": 6,
            "fRowLwb": 0,
            "fTol": 2.22044604925031e-16,
            "fUniqueID": 0
        },
        "bootstrapUncertaintyMatrix": {
            "_typename": "TMatrixT<double>",
            "fBits": 0,
            "fColLwb": 0,
            "fElements": [
                0.00379061847277664,
                0.00247076929971075,
                0.00215933001662047,
                0.00284853485978191,
                0.00240146490841513,
                0.00206770001613037,
                0.00247076929971075,
                0.00379310265592804,
                0.00216686621131759,
                0.00237032686455854,
                0.00284426777919017,
                0.00211461509840431,
                0.00215933001662047,
                0.00216686621131759,
                0.00262290966151548,
                0.00205593086814955,
                0.0020612286139366,
                0.0021674679747379,
                0.00284853485978191,
                0.00237032686455854,
                0.00205593086814955,
                0.0038657313219726,
                0.0024597665553205,
                0.002225336934391,
                0.00240146490841513,
                0.00284426777919017,
                0.0020612286139366,
                0.0024597665553205,
                0.00387457894548978,
                0.00227679893964384,
                0.00206770001613037,
                0.00211461509840431,
                0.0021674679747379,
                0.002225336934391,
                0.00227679893964384,
                0.00286894019256233
            ],
            "fNcols": 6,
            "fNelems": 36,
            "fNrowIndex": 0,
            "fNrows": 6,
            "fRowLwb": 0,
            "fTol": 2.22044604925031e-16,
            "fUniqueID": 0
        },
        "covarianceMatrixKL": {
            "_typename": "TMatrixT<double>",
            "fBits": 0,
            "fColLwb": 0,
            "fElements": [
                0.629176475049151,
                -0.000163036091395049,
                -0.00621293098654257,
                0.0680406548705615,
                0.00250243332319259,
                0.00118714650252812,
                -0.000163036091395049,
                0.626195948625225,
                -0.00450961836542781,
                -0.0035956799640522,
                0.0740966755915906,
                -0.00409580975793069,
                -0.00621293098654257,
                -0.00450961836542781,
                0.396320864160487,
                -0.00668062483734552,
                -0.000934358234342466,
                -0.0619830886679255,
                0.0680406548705615,
                -0.0035956799640522,
                -0.00668062483734552,
                0.608132042266085,
                -0.00209829047940511,
                -0.00395454795166218,
                0.00250243332319259,
                0.0740966755915906,
                -0.000934358234342466,
                -0.00209829047940511,
                0.608138978597193,
                0.000751190106268831,
                0.00118714650252812,
                -0.00409580975793069,
                -0.0619830886679255,
                -0.00395454795166218,
                0.000751190106268831,
                0.428081512763005
            ],
            "fNcols": 6,
            "fNelems": 36,
            "fNrowIndex": 0,
            "fNrows": 6,
            "fRowLwb": 0,
            "fTol": 2.22044604925031e-16,
            "fUniqueID": 0
        },
        "covarianceMatrixKS": {
            "_typename": "TMatrixT<double>",
            "fBits": 0,
            "fColLwb": 0,
            "fElements": [
                0.556843568393079,
                -0.00302734816468868,
                -0.000763081009801363,
                0.267187701387398,
                0.000262136006767692,
                -0.00208138228674046,
                -0.00302734816468868,
                0.557075700851728,
                -0.00306283191378621,
                -0.000895692492125532,
                0.26999117175522,
                0.000738594755398737,
                -0.000763081009801363,
                -0.00306283191378621,
                0.337857575445218,
                0.00291962635663705,
                -4.97285653193332e-05,
                0.0480675838858363,
                0.267187701387398,
                -0.000895692492125532,
                0.00291962635663705,
                0.597914390635959,
                -0.00334736814875131,
                -0.00244147399405684,
                0.000262136006767692,
                0.26999117175522,
                -4.97285653193332e-05,
                -0.00334736814875131,
                0.601110522241439,
                -0.00499105023556676,
                -0.00208138228674046,
                0.000738594755398737,
                0.0480675838858363,
                -0.00244147399405684,
                -0.00499105023556676,
                0.357463265647255
            ],
            "fNcols": 6,
            "fNelems": 36,
            "fNrowIndex": 0,
            "fNrows": 6,
            "fRowLwb": 0,
            "fTol": 2.22044604925031e-16,
            "fUniqueID": 0
        },
        "covarianceMatrixMCGeneratedKL": {
            "_typename": "TMatrixT<double>",
            "fBits": 0,
            "fColLwb": 0,
            "fElements": [
                1220.42125985585,
                -10.1714483502095,
                -12.8472854661287,
                -628.76053089976,
                11.1603711383649,
                -1.76904001442286,
                -10.1714483502095,
                1270.98811814348,
                11.0457225714163,
                16.0076089067865,
                -648.754549781874,
                -0.604332268351015,
                -12.8472854661287,
                11.0457225714163,
                1098.67145084069,
                2.73565328294013,
                -8.36162302830812,
                -749.425649945407,
                -628.76053089976,
                16.0076089067865,
                2.73565328294013,
                1231.46496783059,
                -2.30768874218279,
                0.172868730799518,
                11.1603711383649,
                -648.754549781874,
                -8.36162302830812,
                -2.30768874218279,
                1250.01933780655,
                12.2748509650481,
                -1.76904001442286,
                -0.604332268351015,
                -749.425649945407,
                0.172868730799518,
                12.2748509650481,
                1088.54347711599
            ],
            "fNcols": 6,
            "fNelems": 36,
            "fNrowIndex": 0,
            "fNrows": 6,
            "fRowLwb": 0,
            "fTol": 2.22044604925031e-16,
            "fUniqueID": 0
        },
        "covarianceMatrixMCGeneratedKS": {
            "_typename": "TMatrixT<double>",
            "fBits": 0,
            "fColLwb": 0,
            "fElements": [
                1231.0820918987,
                -20.5114519879108,
                -3.05742190863251,
                -617.562688279181,
                27.750841043382,
                0.453805597383134,
                -20.5114519879108,
                1267.47080238987,
                12.5683320360028,
                10.505133991676,
                -645.19761854246,
                -13.3438910350446,
                -3.05742190863251,
                12.5683320360028,
                1088.74353974928,
                -7.12417184675188,
                -1.49605160180636,
                -746.989560716144,
                -617.562688279181,
                10.505133991676,
                -7.12417184675188,
                1201.09659598417,
                -3.57037921224039,
                -2.66034138304467,
                27.750841043382,
                -645.19761854246,
                -1.49605160180636,
                -3.57037921224039,
                1249.11464522452,
                16.510623637852,
                0.453805597383134,
                -13.3438910350446,
                -746.989560716144,
                -2.66034138304467,
                16.510623637852,
                1094.54644698069
            ],
            "fNcols": 6,
            "fNelems": 36,
            "fNrowIndex": 0,
            "fNrows": 6,
            "fRowLwb": 0,
            "fTol": 2.22044604925031e-16,
            "fUniqueID": 0
        },
        "covarianceMatrixMCGeneratedMIXED": {
            "_typename": "TMatrixT<double>",
            "fBits": 0,
            "fColLwb": 0,
            "fElements": [
                1225.91440874319,
                -15.334151139817,
                -7.99246571692132,
                -623.064211708155,
                19.4488906086732,
                -0.673837151085143,
                -15.334151139817,
                1269.22978764739,
                11.805228168132,
                13.2607400118184,
                -646.976385375319,
                -6.97483916307614,
                -7.99246571692132,
                11.805228168132,
                1093.71738250638,
                -2.21826687553715,
                -4.92718200745773,
                -748.203607274722,
                -623.064211708155,
                13.2607400118184,
                -2.21826687553715,
                1216.33907584871,
                -2.94305331344511,
                -1.25344419319952,
                19.4488906086732,
                -646.976385375319,
                -4.92718200745773,
                -2.94305331344511,
                1249.56726862636,
                14.3934066446113,
                -0.673837151085143,
                -6.97483916307614,
                -748.203607274722,
                -1.25344419319952,
                14.3934066446113,
                1091.54657872482
            ],
            "fNcols": 6,
            "fNelems": 36,
            "fNrowIndex": 0,
            "fNrows": 6,
            "fRowLwb": 0,
            "fTol": 2.22044604925031e-16,
            "fUniqueID": 0
        },
        "covarianceMatrixMCKL": {
            "_typename": "TMatrixT<double>",
            "fBits": 0,
            "fColLwb": 0,
            "fElements": [
                0.574491626146287,
                -0.000773154469573005,
                0.00136744426832327,
                0.0903557401989313,
                0.00131865933172614,
                0.000576998783597274,
                -0.000773154469573005,
                0.570874521608426,
                9.33938151353128e-06,
                0.00234658821010416,
                0.0873756181581212,
                0.00026911916187034,
                0.00136744426832327,
                9.33938151353128e-06,
                0.368370331730259,
                -0.00138627027589942,
                0.00149497891004046,
                -0.0470343532641147,
                0.0903557401989313,
                0.00234658821010416,
                -0.00138627027589942,
                0.533331975656443,
                0.000199104402375638,
                0.000443141359129406,
                0.00131865933172614,
                0.0873756181581212,
                0.00149497891004046,
                0.000199104402375638,
                0.532165480328958,
                -0.00195832940407974,
                0.000576998783597274,
                0.00026911916187034,
                -0.0470343532641147,
                0.000443141359129406,
                -0.00195832940407974,
                0.381056263144057
            ],
            "fNcols": 6,
            "fNelems": 36,
            "fNrowIndex": 0,
            "fNrows": 6,
            "fRowLwb": 0,
            "fTol": 2.22044604925031e-16,
            "fUniqueID": 0
        },
        "covarianceMatrixMCKS": {
            "_typename": "TMatrixT<double>",
            "fBits": 0,
            "fColLwb": 0,
            "fElements": [
                0.537293422320463,
                -0.00194473253696483,
                0.00112646589170469,
                0.297475448498204,
                -0.00413964491488882,
                -0.0010087870113138,
                -0.00194473253696483,
                0.534313693228062,
                -0.000673575346574947,
                -0.000337765307836549,
                0.293444908282892,
                0.00169879368426587,
                0.00112646589170469,
                -0.000673575346574947,
                0.325519241356729,
                -0.0023194077435229,
                0.0003510975357118,
                0.0662992032276361,
                0.297475448498204,
                -0.000337765307836549,
                -0.0023194077435229,
                0.574251989745998,
                -0.0031414071423936,
                0.000725274217716249,
                -0.00413964491488882,
                0.293444908282892,
                0.0003510975357118,
                -0.0031414071423936,
                0.569926153388019,
                0.00132590281240745,
                -0.0010087870113138,
                0.00169879368426587,
                0.0662992032276361,
                0.000725274217716249,
                0.00132590281240745,
                0.340121560428341
            ],
            "fNcols": 6,
            "fNelems": 36,
            "fNrowIndex": 0,
            "fNrows": 6,
            "fRowLwb": 0,
            "fTol": 2.22044604925031e-16,
            "fUniqueID": 0
        },
        "covarianceMatrixMCMIXED": {
            "_typename": "TMatrixT<double>",
            "fBits": 0,
            "fColLwb": 0,
            "fElements": [
                0.555892524261561,
                -0.00135898527052419,
                0.00124694267054052,
                0.193915578028961,
                -0.00141052626403074,
                -0.000215906399815244,
                -0.00135898527052419,
                0.552627136030228,
                -0.000322476482557028,
                0.0010172660884083,
                0.190436780100075,
                0.000993544046166673,
                0.00124694267054052,
                -0.000322476482557028,
                0.346947599115207,
                -0.00184908712993799,
                0.000930779390492498,
                0.00963522231422404,
                0.193915578028961,
                0.0010172660884083,
                -0.00184908712993799,
                0.553796985521835,
                -0.00146083092331098,
                0.00058793884320782,
                -0.00141052626403074,
                0.190436780100075,
                0.000930779390492498,
                -0.00146083092331098,
                0.551067105674363,
                -0.000308515518457361,
                -0.000215906399815244,
                0.000993544046166673,
                0.00963522231422404,
                0.00058793884320782,
                -0.000308515518457361,
                0.360591693842721
            ],
            "fNcols": 6,
            "fNelems": 36,
            "fNrowIndex": 0,
            "fNrows": 6,
            "fRowLwb": 0,
            "fTol": 2.22044604925031e-16,
            "fUniqueID": 0
        },
        "covarianceMatrixMIXED": {
            "_typename": "TMatrixT<double>",
            "fBits": 0,
            "fColLwb": 0,
            "fElements": [
                0.593010435821065,
                -0.001596367340657,
                -0.00348664896766794,
                0.167615196114138,
                0.00138161612982815,
                -0.00044375132756685,
                -0.001596367340657,
                0.59163915581154,
                -0.00379007086627538,
                -0.00224857306613359,
                0.172045818099275,
                -0.00168815209487464,
                -0.00348664896766794,
                -0.00379007086627538,
                0.367093659580346,
                -0.0018771661456777,
                -0.000494230432438338,
                -0.00694673277079813,
                0.167615196114138,
                -0.00224857306613359,
                -0.0018771661456777,
                0.60302571781557,
                -0.002724471267233,
                -0.00318974002345238,
                0.00138161612982815,
                0.172045818099275,
                -0.000494230432438338,
                -0.002724471267233,
                0.60462582774497,
                -0.00212535847332492,
                -0.00044375132756685,
                -0.00168815209487464,
                -0.00694673277079813,
                -0.00318974002345238,
                -0.00212535847332492,
                0.392799736305302
            ],
            "fNcols": 6,
            "fNelems": 36,
            "fNrowIndex": 0,
            "fNrows": 6,
            "fRowLwb": 0,
            "fTol": 2.22044604925031e-16,
            "fUniqueID": 0
        }
    },
    "variables": {
        "CPFit": {
            "cuts": {
                "chi2KinFit": null,
                "cutScanMode": {
                    "cutLimits": [
                        0.3,
                        0.3
                    ],
                    "cutName": "rho",
                    "cutTitle": "#rho_{0} [cm]",
                    "flag": false,
                    "numberOfPoints": 8
                },
                "omegaRho": 0.5,
                "simonaCuts": {
                    "flag": false,
                    "invMass": 100.0,
                    "kinEne": 100.0
                }
            },
            "histoResults": {
                "logScale": false,
                "rangeX": [
                    -90.0,
                    90.0
                ],
                "rangeY": [
                    0.0,
                    5000.0
                ]
            },
            "initParams": {
                "Im": -0.0019808391090125484,
                "Norm": {
                    "Omegapi0": 1.0,
                    "Other": 1.0,
                    "Regeneration": {
                        "CloseLeft": 1.5,
                        "CloseRight": 1.5,
                        "FarLeft": 0.5,
                        "FarRight": 0.5
                    },
                    "Semileptonic": 1.0,
                    "Signal": 1.0,
                    "Threepi0": 1.0
                },
                "Re": 0.00166434974830615
            },
            "limitPer": {
                "lower": 0.3,
                "upper": 0.3
            },
            "result": {
                "chi2": 404.47813897264325,
                "error": {
                    "Im": 0.04972454518195973,
                    "Norm": {
                        "Omegapi0": 0.032928623081238895,
                        "Other": 0.13232184200543484,
                        "Regeneration": {
                            "CloseLeft": 0.17935050465437885,
                            "CloseRight": 0.17709758248460772,
                            "FarLeft": 0.014909213488092488,
                            "FarRight": 0.01940367026355383
                        },
                        "Semileptonic": 0.05491139902054859,
                        "Signal": 0.012050526872268985,
                        "Threepi0": 0.047835170483148226
                    },
                    "Re": 0.004708532230576797
                },
                "normChi2": 4.494201544140481,
                "value": {
                    "Im": -0.19737518494337722,
                    "Norm": {
                        "Omegapi0": 0.7000000191703611,
                        "Other": 1.2999983479915813,
                        "Regeneration": {
                            "CloseLeft": 1.501762569283632,
                            "CloseRight": 2.166398690403798,
                            "FarLeft": 0.44534975177940916,
                            "FarRight": 0.5173633948345615
                        },
                        "Semileptonic": 0.7000008394226561,
                        "Signal": 0.9512336547627689,
                        "Threepi0": 0.7000000025762243
                    },
                    "Re": -0.02908941401765672
                }
            },
            "step": {
                "Im": 0.001,
                "Norm": {
                    "Omegapi0": 0.1,
                    "Other": 0.1,
                    "Regeneration": {
                        "CloseLeft": 0.1,
                        "CloseRight": 0.1,
                        "FarLeft": 0.1,
                        "FarRight": 0.1
                    },
                    "Semileptonic": 0.1,
                    "Signal": 0.1,
                    "Threepi0": 0.1
                },
                "Re": 0.001
            }
        },
        "KinFit": {
            "Omega": {
                "chiSqrStep": 0.001,
                "fixedVars": 0,
                "freeVars": 31,
                "loopCount": 10,
                "numOfConstraints": 8,
                "range": null
            },
            "Signal": {
                "chiSqrStep": 0.001,
                "fixedVars": 3,
                "freeVars": 33,
                "loopCount": 20,
                "numOfConstraints": 10,
                "range": null
            },
            "Trilateration": {
                "bunchMax": 0,
                "bunchMin": 0,
                "chiSqrStep": 0.0001,
                "fixedVars": 3,
                "freeVars": 24,
                "goodClus": false,
                "loopCount": 100,
                "numOfConstraints": 5
            }
        },
        "OmegaRec": {
            "combined": {
                "line": {
                    "inter": 683.4345897665708,
                    "slope": 0.6917158583086116
                },
                "stdDev": {
                    "error": 0.2153077262076355,
                    "value": 12.819692407627148
                }
            },
            "fiducialVolume": {
                "charged": {
                    "error": [
                        0.006680983323387541,
                        0.006976708714463684,
                        0.09189582239788467
                    ],
                    "stdDev": [
                        0.24573160312110354,
                        0.22615478423597876,
                        1.123000988705261
                    ]
                },
                "neutral": {
                    "error": [
                        null,
                        null,
                        null
                    ],
                    "stdDev": [
                        0.411477182455037,
                        0.41202235724694497,
                        0.39059471562297304
                    ]
                }
            },
            "invMass": {
                "mean": {
                    "error": 0.5821395317055362,
                    "value": 776.2008247929103
                },
                "stdDev": {
                    "error": null,
                    "value": 28.730641298741403
                }
            },
            "kinEne": {
                "mean": {
                    "error": 0.7220791153873165,
                    "value": 133.44226625293015
                },
                "stdDev": {
                    "error": null,
                    "value": 34.27204322115873
                }
            }
        },
        "RegenRejection": {
            "boundaries": {
                "methodA": [
                    8.0,
                    20.0
                ],
                "methodB": [
                    10.0
                ]
            },
            "errors": {
                "methodA": {
                    "charged": {
                        "cylindrical": {
                            "mean": [
                                0.06350167308930103,
                                null
                            ],
                            "width": [
                                0.10723300580013917,
                                null
                            ]
                        },
                        "spherical": {
                            "mean": [
                                0.1810785124184764,
                                0.021261584339883743
                            ],
                            "width": [
                                0.1641522638702927,
                                0.017670870769065317
                            ]
                        }
                    },
                    "pureTriangle": {
                        "cylindrical": {
                            "mean": [
                                0.0641410579535199,
                                null
                            ],
                            "width": [
                                0.13803365395109485,
                                null
                            ]
                        },
                        "spherical": {
                            "mean": [
                                0.16911014061767068,
                                0.02629947656309494
                            ],
                            "width": [
                                0.22651992147606448,
                                0.021182263852797423
                            ]
                        }
                    },
                    "triangle": {
                        "cylindrical": {
                            "mean": [
                                0.06128250048024554,
                                0.03565478185063385
                            ],
                            "width": [
                                0.11873613415549361,
                                0.0360359444616164
                            ]
                        },
                        "spherical": {
                            "mean": [
                                0.06809643554394261,
                                0.031186167516835957
                            ],
                            "width": [
                                0.4943274190775435,
                                0.02580329691315264
                            ]
                        }
                    }
                },
                "methodB": {
                    "charged": {
                        "cylindrical": {
                            "mean": [
                                0.07820654011809877,
                                0.11831428922491134
                            ],
                            "width": [
                                0.13774382117310247,
                                0.1844088849939831
                            ]
                        },
                        "spherical": {
                            "mean": [
                                0.02179618656326048,
                                3.8830829075945936
                            ],
                            "width": [
                                0.020545704438526102,
                                1.782793087513495
                            ]
                        }
                    },
                    "pureTriangle": {
                        "cylindrical": {
                            "mean": [
                                2.539342844728739,
                                0.03331224582436649
                            ],
                            "width": [
                                6.089921100339326,
                                0.02582397726190619
                            ]
                        },
                        "spherical": {
                            "mean": [
                                0.027261156625088642,
                                0.1953138206256745
                            ],
                            "width": [
                                0.027428601171402223,
                                0.15250764048974658
                            ]
                        }
                    },
                    "triangle": {
                        "cylindrical": {
                            "mean": [
                                2.664319231975871,
                                0.10848052077482608
                            ],
                            "width": [
                                4.501974403089206,
                                0.09177551211985749
                            ]
                        },
                        "spherical": {
                            "mean": [
                                0.06809643755115437,
                                0.28289501200944683
                            ],
                            "width": [
                                0.49432743044897703,
                                0.20386541103104272
                            ]
                        }
                    }
                }
            },
            "results": {
                "methodA": {
                    "charged": {
                        "cylindrical": {
                            "mean": [
                                4.701182836544183,
                                null
                            ],
                            "width": [
                                1.2050492640958281,
                                null
                            ]
                        },
                        "spherical": {
                            "mean": [
                                9.563831280245553,
                                10.637046295242795
                            ],
                            "width": [
                                1.5025922958326128,
                                0.8903453349263124
                            ]
                        }
                    },
                    "pureTriangle": {
                        "cylindrical": {
                            "mean": [
                                4.837640889474107,
                                null
                            ],
                            "width": [
                                1.018416517599828,
                                null
                            ]
                        },
                        "spherical": {
                            "mean": [
                                10.085268623315908,
                                11.212155345968954
                            ],
                            "width": [
                                2.095367379023866,
                                1.1233529163877152
                            ]
                        }
                    },
                    "triangle": {
                        "cylindrical": {
                            "mean": [
                                4.85215525437027,
                                10.367788633672001
                            ],
                            "width": [
                                0.9394229595097088,
                                1.4104779196960262
                            ]
                        },
                        "spherical": {
                            "mean": [
                                5.048520382491009,
                                11.263094145179078
                            ],
                            "width": [
                                0.3986103779801967,
                                1.1665088667790298
                            ]
                        }
                    }
                },
                "methodB": {
                    "charged": {
                        "cylindrical": {
                            "mean": [
                                4.698030930414734,
                                4.550731565614877
                            ],
                            "width": [
                                1.3026392268646956,
                                0.7488068275355109
                            ]
                        },
                        "spherical": {
                            "mean": [
                                10.490333573973501,
                                12.858708016798971
                            ],
                            "width": [
                                0.9902157485702958,
                                2.1800689191726494
                            ]
                        }
                    },
                    "pureTriangle": {
                        "cylindrical": {
                            "mean": [
                                5.137755668922043,
                                4.8507492484270935
                            ],
                            "width": [
                                6.090109105955177,
                                0.45317923186003767
                            ]
                        },
                        "spherical": {
                            "mean": [
                                11.096523370667384,
                                11.858341810239846
                            ],
                            "width": [
                                1.266840417412829,
                                1.0988645194229765
                            ]
                        }
                    },
                    "triangle": {
                        "cylindrical": {
                            "mean": [
                                6.20209436331557,
                                12.256839303998337
                            ],
                            "width": [
                                6.013523479988102,
                                0.45499245149727113
                            ]
                        },
                        "spherical": {
                            "mean": [
                                5.048520382099875,
                                12.00940843997973
                            ],
                            "width": [
                                0.3986103812479631,
                                1.16483730640616
                            ]
                        }
                    }
                }
            },
            "sigma": 0.0
        },
        "Resolutions": {
            "deltaT": 2.0,
            "momCharged": [
                3.6131249318317935,
                3.593722545313319,
                4.20938348392935,
                0.7545379839633315
            ],
            "momNeutral": {
                "pureTriangle": [
                    3.2833046600495592,
                    3.3439292084890098,
                    3.9297873803679257,
                    0.19077702083252465
                ],
                "triTriangle": [
                    3.266721099294612,
                    3.326794977908071,
                    4.014546575667175,
                    0.1907438515836392
                ],
                "trilateration": [
                    15.356795830599358,
                    33.63613768523771,
                    35.933788033592705,
                    0.9215446666475016
                ]
            },
            "pathCharged": 1.380214379459432,
            "pathNeutral": {
                "pureTriangle": 0.721639510975499,
                "triTriangle": 0.7158323180008569,
                "trilateration": 4.660951823228735
            },
            "rhoCharged": 0.1397413323844326,
            "rhoNeutral": {
                "pureTriangle": 0.6885705027158037,
                "triTriangle": 0.7330918396099843,
                "trilateration": 3.388628748761495
            },
            "vtxCharged": [
                0.7095059084584923,
                0.7231498007234811,
                1.0937104593118698,
                1.2641509431752038
            ],
            "vtxNeutral": {
                "pureTriangle": [
                    0.7784681762952839,
                    0.7282642037531799,
                    1.3302445894371533,
                    1.158162643586528
                ],
                "triTriangle": [
                    0.741247667184261,
                    0.7391049203989483,
                    1.3623782106887345,
                    1.1809737428459406
                ],
                "trilateration": [
                    1.845310280833326,
                    1.9570864140740627,
                    2.963805874771353,
                    7.545685321992668
                ]
            }
        },
        "parallelization": {
            "numOfThreads": 4
        },
        "rootFiles": {
            "Data": {
                "firstFile": 1,
                "lastFile": 1
            },
            "MC": [
                {
                    "firstFile": 1,
                    "lastFile": 1
                },
                {
                    "firstFile": 1,
                    "lastFile": 1
                },
                {
                    "firstFile": 1,
                    "lastFile": 1
                }
            ],
            "firstFileMax": 1,
            "lastFileMax": 569,
            "newestFileDateStampData": "2025-08-25",
            "newestFileDateStampMC": "2025-08-23",
            "path": "/data/ssd/gamrat/KLOE/Subanalysis/InitialAnalysis/root_files/",
            "pathControlSample": "/data/ssd/gamrat/KLOE/Subanalysis/InitialAnalysis/root_files/"
        },
        "tree": {
            "filename": {
